0.026848,0.00022689,7.4199,8.0537,4.7757,0.34503,1.5001,2.678,104.71,0.10633,74.493,14.813,27.358,14.376,54.558,4.0585,0.022991,0.65674,6.7476,1.7689,18.815,62.124,28.288,12.662,2.7865,45.521,2.3864,9.1785,24.339,1.3832,0.79815,0.60546,56.769,14.951,17.421,2.3615,29.856,6.8113,29.103,0.47255,1.98,0.46261,4.7272,0.34154,89.723,0.02202,26.922,62.129,33.777,20.806,8.7017,23.644,1.3024,0.44988,21.227,13.834,71.841,60.296,4.951,24.183,9.0898,101.69,52.813,5.0757,34.603,5.1593,12.554,0.092813,7.8716,0.2383,5.4283,4.9624,0.22389,11.228,39.695,122.58,10.4,13.787,21.837,23.256,13.057,6.7796,43.086,4.3989,1.4031,12.921,7.5288,66.43,187.64,0.012564,1.0844,18.924,0.059678,0.93638,0.99492,23.689,18.59,1.3531,32.513,45.422,0.22922,32.089,24.867,35.436,3.2617,0.6309,0.21945,0.035445,1.5777e-06,23.141,17.705,26.101,33.22,3.4004,68.189,20.085,17.748,0.00035952,6.523,8.2179,13.127,70.719,0.039455,3.4002,12.865,95.843,87.842,44.423,5.9982,69.635,0.066696,27.952,29.697,5.8356,10.671,6.095,2.3339,4.6296,0.94151,47.053,1.6832,2.0443,14.087,0.26093,0.25098,10.955,6.4398,0.46701,44.846,41.384,0.98267,1.5744,1.0249,3.3099,57.909,13.412,23.777,42.678,17.537,8.7896,0.46243,0.17147,7.9566,5.5154,62.807,6.0061,0.41621,47.134,0.071423,11.651,13.183,0.17067,11.903,0.014808,3.9548,11.82,1.5664,3.3934,13.607,9.9317,0.27543,0.64078,8.5783,59.527,33.406,3.588,0.8089,1.1951,4.2384,11.133,47.398,42.435,9.8712,2.5208,6.8424,5.6008,1.7316,0.20571,26.536,1.7337,0.25291,22.723,11.956,6.4573,8.0346,4.0817,0.18078,6.3473,37.481,21.982,17.273,17.457,11.602,19.784,88.878,21.514,0.33939,0.04963,5.3565,24.436,3.5546,10.171,12.265,15.569,12.61,18,0.30333,1.4548,0.42476,47.483,10.395,10.817,3.4901,1.6995,19.385,9.9864,7.2265,0.28055,61.459,22.864,3.1375,40.325,1.2138,22.283,7.0658,21.088,4.2878,0.94031,8.9995,0.8327,3.2615,3.9645,0.18925,17.152,23.254,1.4095
511
7.3908,8.0222,4.757,0.34368,1.4943,2.6676,104.31,0.10591,74.202,14.755,27.251,14.32,54.345,4.0426,0.022901,0.65417,6.7213,1.762,18.742,61.882,28.177,12.612,2.7756,45.343,2.3771,9.1426,24.244,1.3778,0.79503,0.60309,56.547,14.892,17.352,2.3523,29.74,6.7846,28.989,0.4707,1.9723,0.4608,4.7088,0.3402,89.372,0.021934,26.816,61.886,33.645,20.725,8.6676,23.551,1.2973,0.44812,21.144,13.78,71.56,60.06,4.9316,24.089,9.0543,101.29,52.607,5.0559,34.468,5.1392,12.505,0.09245,7.8408,0.23737,5.4071,4.943,0.22302,11.185,39.54,122.1,10.36,13.733,21.752,23.166,13.006,6.7531,42.918,4.3817,1.3976,12.87,7.4994,66.171,186.91,0.012515,1.0802,18.85,0.059445,0.93272,0.99102,23.597,18.517,1.3478,32.386,45.245,0.22832,31.963,24.77,35.297,3.2489,0.62843,0.21859,0.035306,1.5715e-06,23.051,17.636,25.999,33.091,3.3871,67.923,20.007,17.679,0.00035811,6.4975,8.1858,13.076,70.443,0.039301,3.3869,12.814,95.468,87.498,44.25,5.9748,69.363,0.066435,27.843,29.581,5.8128,10.629,6.0712,2.3248,4.6115,0.93783,46.869,1.6767,2.0363,14.032,0.25991,0.25,10.913,6.4146,0.46519,44.671,41.222,0.97883,1.5683,1.0209,3.297,57.682,13.36,23.684,42.511,17.468,8.7552,0.46062,0.1708,7.9255,5.4938,62.561,5.9826,0.41458,46.949,0.071144,11.606,13.132,0.17,11.857,0.01475,3.9393,11.774,1.5603,3.3802,13.554,9.8929,0.27435,0.63827,8.5448,59.295,33.276,3.574,0.80573,1.1904,4.2218,11.089,47.213,42.269,9.8326,2.5109,6.8156,5.5789,1.7249,0.20491,26.433,1.7269,0.25192,22.634,11.909,6.4321,8.0032,4.0657,0.18008,6.3225,37.334,21.896,17.205,17.388,11.557,19.707,88.53,21.43,0.33806,0.049436,5.3356,24.341,3.5407,10.131,12.217,15.508,12.561,17.929,0.30214,1.4491,0.4231,47.297,10.355,10.775,3.4764,1.6929,19.309,9.9474,7.1982,0.27945,61.219,22.774,3.1252,40.167,1.209,22.196,7.0381,21.005,4.2711,0.93663,8.9643,0.82945,3.2488,3.949,0.18851,17.085,23.163,1.404
509
0.042956,0.00036302
2

0
0.042956,0.00036302
2

0
0.042956,0.00036302
2

0
0.042956,0.00036302
2

0
0.042956,0.00036302
2

0
0.042956,0.00036302
2

0
0.042956,0.00036302
2

0
0.042956,0.00036302
2

0
0.042956,0.00036302
2

0
0.042956,0.00036302
2

0
0.042956,0.00036302
13.223,1.8345,11.052,97.316,0.93639,4.7332,22.127,0.17405,14.89,8.4857,0.45977,29.871,72.972,2.7376,5.0903,4.0793,0.59215,0.76807,2.9087e-05,42.821,77.645,20.713,2.8254,26.726,9.6796,1.0042,0.025038,0.65238,0.0079106,0.20332,0.86556,13.639,37.628,0.41874,0.045521,19.075,7.2999,0.12868,0.71679,6.3457,0.0036253,14.371,19.044,0.69096,3.9803,9.799,6.029,3.0798e-06,0.075695,38.523,6.0786,3.0134,12.327,1.1136,4.7635,5.1343,20.398,0.60571,0.46421,27.939,0.14307,9.6331,5.7949,8.3002,14.717,5.1147,1.5485,0.78244,1.1917,1.3741,7.4303,22.132,44.733,0.66344,82.543,28.5,11.425,28.934,5.4957,12.848,14.378,0.00060529,0.45906,98.814,3.0197,12.15,8.8807,1.556,16.72,0.0005742,10.138,0.73472,12.175,25.144,41.313,15.325,190.7,32.138,1.0546,0.24647,3.3645,5.757,8.8848,3.7566,56.045,15.776,22.666,17.484,0.96106,41.81,0.020804,11.047,8.4809,0.18934,19.397,0.65644,42.903,1.2103,43.266,20.946,0.0077747,4.7742,2.2804,15.866,48.626,10.056,2.3232,12.171,51.113,1.9506,0.96892,14.821,0.41968,0.0015387,8.7424,114.66,6.2217,2.0561,20.627,0.4409,60.419,4.0122,4.9273,14.499,1.1579,0.73723,11.815,83.747,17.783,12.414,12.103,27.634,0.99226,57.672,6.0263,12.233,5.2572,27.517,26.768,0.27997,16.821,1.2496,102.33,21.252,41.022,0.90472,6.7376,1.2971,22.381,18.133,27.461,0.52414,6.9542,15.463,7.293,10.481,31.2,1.863,0.49164,56.265,23.503,11.008,4.2406,15.084,4.974,21.989,50.454,0.031918,2.1903,14.473,12.094,6.0022,19.401,28.392,17.294,6.0853,2.5773,60.068,75.382,29.392,4.6303,3.5349,0.034933,33.017,0.37523,53.255,3.9838,9.3128,1.8787,16.557,19.988,11.953,3.3291,4.6149,14.548,1.8268,92.977,14.84,1.0351,53.559,4.5112,35.731,21.661,0.00037623,28.807,16.88,22.04,19.459,0.46349,1.8554,23.058,0.77317,20.735,0.1173,116.8,30.03,6.0729,8.0815,24.993,11.71,2.999,14.097,23.254,0.57855,5.2506,6.7366,0.93148,8.1758,0.043999,11.382,0.87527,0.10116,44.429,0.61266,23.724,0.13016
511
13.197,1.8309,11.031,97.127,0.93458,4.724,22.084,0.17372,14.862,8.4692,0.45888,29.813,72.831,2.7322,5.0804,4.0714,0.591,0.76658,2.9031e-05,42.738,77.494,20.673,2.8199,26.674,9.6608,1.0023,0.024989,0.65111,0.0078952,0.20292,0.86388,13.612,37.555,0.41793,0.045432,19.038,7.2858,0.12843,0.7154,6.3334,0.0036183,14.343,19.007,0.68962,3.9726,9.78,6.0173,3.0738e-06,0.075548,38.448,6.0668,3.0076,12.303,1.1114,4.7543,5.1243,20.359,0.60453,0.46331,27.885,0.14279,9.6144,5.7836,8.2841,14.689,5.1047,1.5455,0.78092,1.1893,1.3714,7.4158,22.089,44.646,0.66215,82.383,28.445,11.403,28.878,5.485,12.823,14.35,0.00060411,0.45817,98.622,3.0139,12.127,8.8635,1.553,16.688,0.00057309,10.118,0.7333,12.152,25.095,41.233,15.295,190.33,32.075,1.0526,0.24599,3.358,5.7458,8.8676,3.7493,55.936,15.745,22.622,17.45,0.95919,41.729,0.020764,11.026,8.4645,0.18897,19.359,0.65516,42.82,1.2079,43.182,20.905,0.0077596,4.765,2.2759,15.836,48.532,10.036,2.3187,12.148,51.014,1.9468,0.96704,14.793,0.41887,0.0015357,8.7255,114.44,6.2096,2.0521,20.587,0.44005,60.302,4.0044,4.9177,14.471,1.1556,0.7358,11.792,83.584,17.748,12.39,12.08,27.58,0.99034,57.56,6.0146,12.209,5.247,27.464,26.716,0.27942,16.788,1.2472,102.13,21.211,40.942,0.90296,6.7245,1.2945,22.337,18.098,27.408,0.52312,6.9407,15.433,7.2788,10.461,31.139,1.8594,0.49069,56.156,23.457,10.986,4.2324,15.055,4.9643,21.946,50.356,0.031856,2.186,14.445,12.071,5.9906,19.363,28.336,17.26,6.0735,2.5723,59.952,75.235,29.335,4.6213,3.528,0.034865,32.953,0.3745,53.151,3.9761,9.2947,1.8751,16.525,19.95,11.929,3.3226,4.606,14.52,1.8232,92.797,14.811,1.0331,53.455,4.5025,35.662,21.619,0.0003755,28.751,16.847,21.997,19.421,0.46259,1.8518,23.013,0.77166,20.695,0.11707,116.57,29.972,6.0611,8.0658,24.945,11.688,2.9932,14.07,23.209,0.57742,5.2404,6.7235,0.92967,8.1599,0.043913,11.36,0.87357,0.10096,44.342,0.61147,23.678
510
0.045865
1

0
0.045865
1

0
0.045865
1

0
0.045865
1

0
0.045865
1

0
0.045865
1

0
0.045865
1

0
0.045865
1

0
0.045865
1
6.413,4.9963,15.701,6.3128,9.7169,19.36,5.2583,0.23138,25.835,3.9719,17.143,17.611,0.86671,1.0237,0.0064335,11.613,1.5778,33.088,0.34411,5.0254,4.9625,1.2421,11.453,3.9638,0.16604,3.0623,5.1926,1.8809,13.356,7.8072,13.752,20.874,11.477,0.00518,0.73084,16.677,0.019811,20.276,36.215,0.16335,9.3969,7.2924,34.889,14.995,51.647,0.21443,49.192,0.517,24.098,15.202,57.772,9.4564,0.5157,50.591,7.6457,0.59929,9.9105e-05,0.017965,22.038,134.44,0.062304,0.111,32.135,3.4373,11.072,13.662,10.842,28.869,39.891,79.562,4.736,70.379,13.802,0.0010198,59.593,38.781,5.4892,11.748,0.78338,30.577,39.441,12.161,45.013,12.506,1.4381,3.9817,0.0022904,0.0089425,14.565,4.2986,10.824,3.8994,0.019618,12.676,0.062592,20.173,0.026115,21.477,1.8402,2.9973,0.99816,0.023463,11.219,7.6717,6.0029,0.028565,2.1445,0.86556,1.3028,1.6961,18.886,0.016529,47.425,16.541,0.0097015,5.6458,48.967,2.4446,2.9918,10.082,1.7006,22.463,28.867,27.566,10.894,2.6225,19.064,69.258,12.313,105.01,0.39517,6.3461,0.58078,0.81129,25.622,39.24,1.2497,4.942,11.724,49.911,0.14387,16.778,27.535,8.3021,25.988,61.434,31.916,1.4331,66.354,30.772,67.838,80.95,0.3611,8.7024,20.383,3.179,99.086,4.6149,29.453,1.7434,0.45663,0.71126,4.9064,6.0255,0.64583,4.5148,5.5412,10.482,2.6758,18.98,47.925,29.957,0.013748,14.949,1.7065,4.091,85.643,36.631,29.627,0.496,75.308,1.2905,0.18356,9.291,8.0009,13.643,25.864,0.18852,1.2176,22.416,0.81201,5.0393,0.91997,21.977,1.7646,13,28.436,4.986,7.6257,6.7858,0.18557,22.56,3.386,2.2814,36.11,24.114,5.6676,38.474,1.7094,8.3147,15.06,24.628,29.523,3.4281,0.092663,0.96448,70.168,0.68643,0.53882,0.33312,27.947,23.957,46.082,1.8186,0.26169,4.0857,5.6967,7.6651,11.486,6.6913,11.662,10.043,29.757,10.926,0.2683,16.054,9.7076,0.57848,2.742,2.3938,78.013,10.106,0.02405,4.0312,0.22374,2.9317,2.0801,13.254,18.565,10.514,7.3941,1.8276,0.26307,1.6524,2.993,15.554
511
0.0080984,0.21054,1.1497,1.3525,0.47025,2.0229,2.6048,5.3094,23.631,14.655,10.109,0.43827,10.308,10.735,1.2238,0.00038403,1.704,1.1825,0.13961,0.84214,0.008731,0.26225,0.30994,0.012889,0.050449,1.1957,2.4999,3.9844,0.012497,0.44851,1.3985,0.15705
63
1.451,1.8684,3.8083,16.95,10.511,7.2506,0.31436,7.3938,7.7,0.87781
41
1.4264,1.8367,3.7438,16.663,10.333,7.1278,0.30903,7.2686,7.5696
40
0.17422
1

0
0.17422
1

0
0.17422
1

0
0.17422
1

0
0.17422
1

0
0.17422
1

0
0.17422
1

0
0.17422
1

0
0.17422
1

0
0.17422
1

0
0.17422
1
0.88208,1.0834,0.17402,6.6087,41.538,13.077,7.7205,0.73864,2.1535,0.02518,0.51746,0.00024198,1.1742,0.42242,0.66848,8.4057,0.36191,0.75705,1.9123,0.78775,0.97095,1.4497,0.59788,0.01188,1.661,0.60071,0.18706,0.061982,0.16116,0.01074,0.11634,1.5266
63
5.4489,34.248,10.782,6.3655,0.609,1.7755,0.020761,0.42664,0.00019951,0.96812,0.34828,0.55116,6.9304,0.29839,0.62418,1.5767,0.64949,0.80054,1.1953
50
4.9719,31.249,9.8383,5.8083,0.55569,1.6201,0.018943,0.38929,0.00018204,0.88337,0.31779,0.50291,6.3238
44
0.13545,0.28334,0.71573,0.29483,0.3634,0.54259
6

0
0.13545,0.28334,0.71573,0.29483,0.3634,0.54259
6

0
0.13545,0.28334,0.71573,0.29483,0.3634,0.54259
6

0
0.13545,0.28334,0.71573,0.29483,0.3634,0.54259
6

0
0.13545,0.28334,0.71573,0.29483,0.3634,0.54259
6

0
0.13545,0.28334,0.71573,0.29483,0.3634,0.54259
6

0
0.13545,0.28334,0.71573,0.29483,0.3634,0.54259
6

0
0.13545,0.28334,0.71573,0.29483,0.3634,0.54259
6

0
0.13545,0.28334,0.71573,0.29483,0.3634,0.54259
6

0
0.13545,0.28334,0.71573,0.29483,0.3634,0.54259
6

0
0.13545,0.28334,0.71573,0.29483,0.3634,0.54259
6

0
0.13545,0.28334,0.71573,0.29483,0.3634,0.54259
6
2.4442,1.3085,1.5629,0.04447,1.7149,2.3601,1.3785e-05,0.0052609,0.30608,1.8657,1.8279,2.9229,1.3021,1.3175,0.0018056,0.18065,0.11921,30.546,5.8382,14.978,28.78,1.3838,13.429,0.012396,2.1427,0.75709,0.37808,0.01792,2.9382,1.6972,0.050624,0.00044855
63
2.3671,1.2673,1.5136,0.043067,1.6608,2.2856,1.3351e-05,0.0050949,0.29643,1.8069,1.7703,2.8307,1.261,1.2759,0.0017486,0.17496,0.11545,29.583,5.654,14.506,27.872,1.3402,13.006,0.012005,2.0751,0.73321,0.36615,0.017354,2.8455,1.6437
61
0.078623,0.00069664
2

0
0.078623,0.00069664
2

0
0.078623,0.00069664
2

0
0.078623,0.00069664
2

0
0.078623,0.00069664
2

0
0.078623,0.00069664
2

0
0.078623,0.00069664
2

0
0.078623,0.00069664
2

0
0.078623,0.00069664
2

0
0.078623,0.00069664
2

0
0.078623,0.00069664
2

0
0.078623,0.00069664
2
