0.098345,0.0068696,3.4776,14.638,8.2982,12.253,8.1488,9.4393,0.12861,10.568,3.0897,6.6539,0.069157,13.345,18.853,0.29085,5.9095,17.836,0.51032,1.3844,1.211,2.0819,1.7679,18.024,2.7588
56
3.3545,14.12,8.0045,11.82,7.8603,9.1052,0.12405,10.193,2.9804,6.4183,0.066709,12.872,18.186,0.28055,5.7003,17.205,0.49226,1.3354,1.1681,2.0082,1.7054,17.386,2.6611
54
0.13733,0.0095925
2

0
0.13733,0.0095925
2

0
0.13733,0.0095925
2

0
0.13733,0.0095925
2

0
0.13733,0.0095925
2

0
0.13733,0.0095925
2

0
0.13733,0.0095925
2

0
0.13733,0.0095925
2

0
0.13733,0.0095925
2

0
0.13733,0.0095925
2
